Matriz 1
8 9 7 1 3 2 9 6 4 5 5 9 4 2 7 8 4 5 5 1 6 7 7 9 4 0 2 0 1 7 8 5 7 6 2 5 3 5 8 5 
0 6 8 4 1 9 1 4 0 3 1 2 3 8 4 9 3 1 6 3 9 9 0 1 5 6 7 5 7 7 1 0 7 1 9 1 9 2 5 5 
3 0 1 7 1 4 3 1 8 6 9 7 9 4 5 6 1 3 2 3 6 7 6 4 3 3 7 5 4 2 8 2 5 6 9 4 3 9 0 6 
6 8 4 4 4 8 7 8 9 5 8 5 1 3 5 9 2 1 5 5 7 7 7 1 2 6 8 5 2 4 1 3 4 1 2 1 3 6 6 2 
5 2 4 4 8 8 5 4 7 2 4 9 6 4 6 4 7 7 8 2 5 8 5 1 0 4 9 5 3 0 8 4 5 9 7 2 5 4 4 5 
1 0 5 0 8 1 0 5 0 1 2 2 3 2 6 4 8 0 3 7 3 3 7 1 6 7 7 8 1 1 1 7 4 7 9 4 6 0 7 3 
7 4 4 6 6 5 8 8 1 0 6 9 3 0 5 8 6 9 8 0 8 5 9 8 3 6 7 7 0 5 3 0 7 1 0 3 8 6 4 3 
7 1 8 8 8 5 9 2 2 4 9 2 8 9 6 3 6 1 5 4 4 4 2 2 6 8 5 4 4 7 0 6 6 3 8 7 3 0 2 3 
0 5 5 1 7 2 2 7 8 1 2 3 4 3 8 8 2 7 4 1 9 4 3 1 2 0 5 2 7 9 5 7 2 7 4 4 5 7 1 2 
4 2 7 3 3 3 2 0 6 5 9 6 9 4 3 7 0 2 7 5 0 5 2 8 4 2 6 1 5 9 6 1 0 6 9 4 5 5 4 9 
1 5 3 6 5 0 6 8 4 7 2 6 2 9 9 8 0 2 5 3 4 2 4 0 1 6 1 4 0 4 2 4 2 8 4 8 9 2 3 6 
0 1 0 8 9 4 1 6 4 2 9 9 4 4 6 6 5 1 5 0 8 6 2 4 8 6 9 8 3 5 5 7 2 0 3 5 6 0 6 8 
3 6 6 8 1 8 0 9 7 4 3 2 3 9 1 5 3 8 1 0 5 1 5 2 3 3 8 5 1 2 3 8 1 0 7 5 1 2 8 1 
5 9 1 8 2 7 9 7 8 5 0 3 0 1 4 3 6 6 8 4 8 7 0 2 4 9 2 9 9 5 5 6 1 1 2 0 0 0 5 2 
2 6 5 0 8 2 6 8 5 0 9 0 0 2 4 7 9 4 0 3 3 7 7 0 0 2 0 1 4 0 4 5 0 2 7 6 4 3 4 8 
3 6 6 8 4 0 8 6 9 4 7 2 7 6 0 7 8 2 4 8 2 1 9 1 9 9 9 9 0 1 4 9 6 1 5 2 1 9 5 0 
0 1 5 0 0 2 7 4 6 6 9 0 6 2 2 7 9 7 3 4 5 4 3 8 6 0 7 8 1 8 9 1 6 5 7 8 0 7 3 4 
4 7 8 0 9 8 7 9 1 6 8 5 0 6 2 5 7 3 9 9 5 1 0 8 9 4 4 2 4 9 0 7 8 7 6 0 8 7 6 4 
6 7 9 8 9 3 6 1 5 6 9 8 0 7 4 6 1 3 7 7 2 1 4 5 5 6 0 3 1 1 4 0 5 8 8 2 7 0 1 6 
2 2 6 7 6 6 7 9 3 8 7 3 9 1 5 7 9 2 7 6 9 7 1 3 8 7 5 3 0 7 3 5 7 9 8 1 9 5 9 9 
4 5 3 8 4 1 3 1 5 7 7 0 9 2 8 8 2 5 4 1 9 8 0 5 4 8 4 2 8 6 0 1 7 0 2 2 6 7 5 4 
0 5 7 1 6 6 3 2 8 4 7 3 2 4 7 9 6 3 6 1 6 0 6 3 9 6 0 4 4 4 9 1 2 1 3 2 3 2 9 8 
8 7 6 5 9 5 5 8 1 8 5 6 5 2 7 3 6 6 3 6 3 5 8 0 7 8 0 5 9 2 9 4 9 0 6 6 1 2 0 5 
3 4 3 1 1 1 2 9 0 5 0 0 7 7 9 9 9 8 7 7 4 0 3 9 2 3 9 0 0 8 3 3 3 7 0 1 2 4 4 3 
1 4 4 2 4 7 0 2 2 5 3 3 0 4 3 4 6 9 4 8 2 8 6 9 1 6 5 3 7 5 5 8 9 6 1 6 2 9 6 0 
7 3 8 0 5 9 6 7 8 3 2 5 5 7 7 0 9 6 1 5 6 1 4 2 6 4 6 7 7 4 7 0 1 3 8 3 5 1 5 6 
1 3 3 1 8 9 4 1 8 0 7 5 8 7 2 6 5 6 2 5 7 7 3 8 9 0 2 2 4 5 5 4 4 5 2 1 4 3 3 3 
4 8 3 0 4 6 2 5 5 7 0 0 4 6 1 0 7 5 3 0 4 2 3 5 8 9 5 7 5 7 6 4 7 7 7 1 8 8 3 1 
8 3 1 3 5 6 9 8 4 1 4 4 0 7 8 6 0 1 0 1 6 1 3 4 6 0 1 9 0 4 7 6 2 4 6 3 6 0 6 9 
3 0 9 8 8 0 7 8 9 5 9 0 4 8 1 7 1 2 9 3 5 5 6 4 7 5 1 5 2 9 6 1 6 2 5 3 3 8 4 9 
4 0 3 4 1 2 1 9 8 5 9 0 8 5 3 6 2 7 3 4 7 6 1 8 9 6 3 6 7 6 0 2 0 2 4 2 4 2 6 6 
7 7 4 6 7 6 8 3 3 5 4 1 1 6 8 7 0 0 0 9 2 8 5 2 9 8 0 5 5 2 6 4 8 2 3 9 9 0 4 7 
4 2 9 7 0 2 3 7 1 1 6 3 3 4 0 4 9 1 5 7 2 6 8 9 8 7 5 1 8 7 0 4 9 4 8 3 2 0 8 3 
3 4 5 7 5 3 7 1 5 4 8 7 0 5 8 8 5 1 9 5 5 4 9 1 0 9 8 3 7 0 0 0 2 7 0 0 4 1 2 0 
2 3 1 0 8 7 0 6 8 8 0 9 5 3 4 3 7 1 7 8 4 6 4 1 9 6 2 8 7 9 7 2 1 5 8 5 1 1 7 2 
8 7 5 2 7 8 4 1 8 7 1 3 8 0 1 3 3 2 7 5 6 3 9 9 2 8 4 8 0 0 2 5 5 8 4 0 2 4 1 3 
3 1 7 3 1 5 7 5 0 8 0 9 6 5 9 5 3 3 9 0 1 8 7 3 8 7 5 2 2 1 6 7 5 2 8 7 1 0 0 0 
0 0 6 0 2 2 1 2 1 3 0 1 8 3 9 1 5 8 6 2 3 3 6 2 3 1 7 8 7 8 9 0 4 8 0 5 7 7 7 4 
7 5 1 4 8 8 6 5 9 7 8 2 2 2 3 1 6 9 3 8 7 3 9 8 6 0 9 3 8 2 5 3 1 3 7 8 2 3 4 1 
9 6 0 2 8 1 2 9 9 0 5 3 3 0 0 9 7 9 8 7 0 2 5 7 5 4 9 0 8 4 4 1 5 3 4 4 1 8 1 4 

Matriz 2
6 8 5 8 7 7 3 1 9 6 8 8 8 6 6 7 9 1 7 0 3 5 5 3 4 0 1 9 2 8 8 2 3 4 9 8 2 2 4 4 
7 5 6 9 3 9 7 9 2 2 0 6 7 3 6 6 8 4 5 7 3 2 3 2 7 8 8 2 5 3 7 7 1 3 6 8 0 1 4 0 
1 2 5 9 4 2 4 0 2 7 7 0 9 4 9 0 6 4 2 3 0 2 9 4 0 2 2 8 9 9 8 1 7 9 1 7 1 0 6 4 
0 6 5 8 9 5 2 4 6 8 9 1 7 3 0 3 0 6 6 0 5 4 5 8 6 2 3 9 9 9 4 3 4 1 8 9 0 2 9 0 
8 3 9 8 9 9 1 1 6 0 6 0 7 2 7 4 8 3 4 6 2 0 2 2 3 5 4 6 1 0 7 6 3 3 3 2 0 2 5 5 
9 2 7 1 3 7 5 5 6 0 3 9 9 9 9 7 6 6 0 4 0 5 0 7 2 8 2 2 2 7 6 1 7 8 6 5 7 5 3 5 
0 4 4 7 0 7 4 2 8 2 6 5 2 2 3 5 4 0 8 6 5 6 5 2 1 2 6 1 7 5 3 9 2 5 1 0 8 9 4 9 
0 5 8 0 3 1 8 6 5 2 7 9 0 2 4 4 5 4 1 3 2 3 8 4 6 5 2 3 5 0 1 6 7 1 9 5 3 7 2 8 
3 6 1 1 9 9 8 8 0 6 0 5 4 8 8 9 3 9 8 3 3 1 2 1 5 6 3 1 7 6 7 7 4 9 0 4 9 8 9 5 
2 1 6 5 2 0 2 4 9 0 0 4 4 2 8 9 1 0 5 2 0 2 5 0 6 5 9 7 5 0 8 6 3 9 3 1 9 7 5 0 
2 7 8 8 5 1 1 8 6 5 3 9 3 8 8 2 5 3 8 1 3 0 2 1 7 3 5 5 3 9 4 2 6 7 3 0 1 3 2 6 
5 3 6 2 4 1 8 3 6 8 1 8 3 9 0 8 7 7 1 5 4 9 2 8 6 0 7 5 4 9 3 2 0 8 0 1 1 0 6 6 
6 2 7 9 5 6 5 4 1 0 9 9 4 9 7 4 2 1 8 2 8 7 0 2 8 6 7 1 6 2 7 8 9 2 2 5 6 6 6 1 
4 5 4 2 0 7 7 3 7 8 2 3 7 0 2 1 2 9 6 0 3 7 5 9 8 6 2 3 1 5 9 2 4 0 7 0 8 1 2 9 
3 5 7 6 5 6 0 8 1 7 0 9 0 5 6 7 3 6 6 1 7 0 7 4 0 9 2 3 5 8 7 5 1 3 7 3 5 3 3 4 
2 5 9 0 9 0 8 9 0 9 2 3 7 3 6 5 3 6 1 1 9 0 7 8 7 6 3 8 8 2 1 5 2 1 2 7 5 0 1 4 
2 2 2 8 4 7 2 5 7 1 0 0 9 1 5 5 0 6 9 5 9 2 8 9 6 5 2 5 2 6 5 8 8 1 1 5 3 3 7 9 
6 3 7 2 0 1 1 5 6 0 7 0 5 3 0 8 2 7 3 0 9 3 3 3 7 9 9 6 8 9 6 9 1 9 6 4 3 0 7 8 
8 0 1 4 0 2 2 5 0 4 6 7 7 8 1 1 6 1 2 9 0 8 4 0 2 4 4 2 0 7 9 7 4 3 5 2 5 4 8 6 
2 2 5 9 8 2 7 5 0 1 2 7 5 0 7 7 1 5 9 5 2 8 8 6 3 6 2 6 4 5 6 2 7 4 5 7 8 3 1 7 
9 0 8 3 5 9 6 1 2 3 9 9 7 8 3 3 3 6 3 8 2 2 1 5 5 3 0 5 6 8 4 4 8 1 2 3 2 7 3 9 
5 6 9 7 7 8 7 3 3 0 8 5 2 8 9 7 6 3 7 2 7 0 4 4 9 6 1 4 8 1 6 7 4 8 4 0 4 1 7 8 
4 8 1 2 9 1 6 8 1 6 1 0 0 4 0 6 0 4 3 4 2 0 6 1 9 5 6 5 7 6 7 6 3 2 9 1 4 1 2 9 
5 3 2 2 5 1 5 1 1 7 3 3 4 9 4 2 3 2 9 9 8 6 1 4 6 5 5 9 7 9 7 2 1 0 4 6 1 7 5 7 
8 3 4 6 0 7 0 5 9 4 9 7 7 5 8 6 8 2 1 0 5 4 0 0 6 4 9 8 7 2 9 4 8 5 7 5 4 0 8 7 
9 2 6 5 5 3 8 7 5 9 9 7 6 1 0 4 5 7 9 8 4 5 0 2 5 0 1 1 5 4 4 6 7 2 0 6 4 1 4 3 
2 0 1 2 8 5 9 6 6 6 3 4 6 3 3 6 1 0 9 2 4 2 0 4 8 6 7 2 1 8 3 2 2 9 0 1 1 9 3 2 
6 8 2 7 7 1 2 6 0 9 1 6 6 7 1 5 0 1 5 9 8 6 7 8 2 0 9 9 5 7 7 4 0 2 9 2 5 1 3 1 
0 3 0 9 0 2 2 6 5 2 4 4 2 3 0 6 9 2 4 7 9 5 9 8 5 3 6 1 7 0 2 0 0 4 7 3 5 1 6 5 
1 5 9 0 3 6 9 9 2 7 9 7 3 2 0 5 7 3 0 7 5 3 3 7 0 6 7 5 4 4 7 9 5 5 7 3 8 1 4 1 
6 7 5 6 4 9 3 9 1 5 8 4 8 2 6 9 6 6 1 7 6 8 5 1 5 0 7 3 3 2 4 4 1 5 6 2 1 5 2 7 
5 2 3 3 4 9 0 0 6 7 0 9 4 9 3 6 6 4 8 9 5 2 3 0 0 6 1 1 1 6 9 8 4 0 2 7 9 7 4 6 
7 4 7 6 2 9 6 1 2 6 2 5 5 8 2 4 6 0 0 7 1 6 6 1 1 6 2 9 8 8 1 1 5 6 1 2 2 2 0 8 
2 8 7 3 4 7 7 8 5 5 8 2 8 0 0 1 2 0 9 7 0 3 5 4 8 0 9 8 8 7 8 5 1 3 4 6 5 4 4 3 
2 0 8 8 0 9 7 4 4 1 0 7 0 8 3 9 8 8 2 5 5 7 3 5 1 9 5 9 1 3 2 4 6 0 3 4 2 5 5 6 
8 0 6 4 1 6 2 7 6 8 4 2 6 5 2 0 1 0 4 6 5 2 6 0 8 5 3 3 0 3 4 7 0 4 5 2 5 1 3 5 
2 8 1 9 3 5 0 4 3 7 1 2 4 8 9 3 6 0 6 0 7 9 3 0 4 0 6 1 7 2 7 1 0 5 4 9 5 0 6 0 
7 7 2 8 2 0 9 6 6 1 1 3 3 1 6 1 2 1 9 0 4 4 7 9 6 5 4 7 3 7 2 5 9 2 2 3 8 5 9 0 
7 6 5 9 4 0 8 2 5 9 2 7 1 9 8 0 6 7 3 1 8 6 0 0 5 4 4 3 7 1 3 3 2 4 1 7 3 1 1 0 
3 8 1 8 6 3 4 3 2 6 0 7 8 9 4 9 7 7 3 8 8 2 3 6 7 0 0 5 0 0 6 4 1 6 1 4 8 6 6 6 

Resultado 2
881 881 1064 1019 829 949 977 940 779 955 812 1029 946 1037 910 967 934 732 904 858 903 741 822 686 983 854 892 980 1010 1015 1084 977 685 852 784 786 798 666 858 1020 
744 636 911 926 664 843 885 803 623 801 701 917 880 889 784 807 825 694 693 709 781 710 682 765 784 780 685 805 841 776 885 687 704 704 679 709 715 483 741 789 
763 786 914 956 827 862 896 934 693 822 703 947 847 957 783 955 710 697 932 708 836 706 706 739 973 762 830 909 860 945 926 803 701 776 687 624 790 680 847 866 
799 790 955 917 891 833 980 935 722 858 690 1020 865 917 879 918 797 727 900 721 740 629 733 708 899 821 745 827 893 941 949 848 737 809 723 710 790 647 775 870 
890 818 997 1035 887 1014 938 942 789 861 794 985 1009 1022 847 1020 854 792 975 843 871 788 773 772 981 829 863 902 891 1039 1064 920 713 874 735 727 792 701 916 1009 
658 574 745 846 696 723 675 695 576 743 536 746 717 729 646 694 621 565 750 684 682 567 620 533 680 633 630 743 658 689 827 677 594 513 572 631 600 448 595 739 
906 844 988 966 884 819 915 921 762 953 853 953 954 1010 781 898 820 691 893 808 911 756 768 756 967 782 859 968 983 1099 996 915 707 804 805 758 692 599 870 986 
796 698 1020 1085 776 1007 805 832 860 901 856 996 972 925 813 860 845 695 969 790 814 735 756 720 836 815 764 912 838 973 1076 878 809 742 756 729 811 612 843 944 
685 674 881 770 693 851 801 874 586 729 688 820 776 770 693 806 737 648 750 714 760 540 711 661 777 791 740 727 802 795 888 845 607 663 672 645 737 569 764 796 
696 740 886 968 757 773 875 896 646 841 719 924 864 942 831 870 828 666 865 723 832 730 661 687 892 739 836 871 798 842 995 778 650 792 660 695 783 602 847 779 
652 720 875 814 687 763 768 841 647 875 614 818 778 735 654 753 665 650 781 678 700 627 723 608 808 663 706 744 772 742 913 808 521 607 686 660 769 511 698 746 
842 742 935 938 871 885 794 879 749 964 749 1022 914 1032 791 904 822 756 850 802 918 677 620 710 926 731 777 830 795 872 979 832 667 736 711 682 712 607 830 891 
693 601 799 720 669 745 784 752 687 776 593 797 785 792 675 762 625 735 706 570 694 571 591 616 803 778 668 725 724 813 844 728 628 624 680 678 640 544 678 743 
771 673 846 901 715 864 786 847 698 746 771 970 869 826 685 937 790 724 828 844 805 681 700 690 763 723 736 729 859 830 936 880 637 699 761 719 755 605 822 845 
566 659 769 845 663 722 649 739 585 602 488 687 673 697 728 739 671 644 722 613 719 414 681 543 750 664 541 647 646 607 738 747 548 568 565 570 601 476 627 828 
842 800 902 1081 912 907 966 969 812 944 743 969 970 868 859 928 728 750 1074 780 850 750 816 719 968 847 875 946 939 1016 1046 962 886 728 738 796 852 690 879 937 
740 711 912 908 709 820 860 943 678 785 717 865 886 857 798 867 659 623 877 784 877 662 760 690 901 816 880 939 848 918 923 901 723 770 677 610 788 681 782 927 
906 809 1086 1126 772 976 994 930 917 906 819 1118 1074 1002 986 941 1037 741 984 943 828 876 849 808 901 926 921 1051 952 1045 1176 924 894 849 814 892 913 704 921 1047 
743 778 942 1030 785 854 788 841 727 887 710 855 970 859 801 868 843 725 856 758 686 746 741 658 842 681 808 970 869 946 1042 745 628 764 722 754 685 515 816 881 
947 906 1217 1265 958 1088 1068 1032 921 983 978 1224 1124 1153 1082 1061 993 837 1094 940 1000 883 857 832 1062 935 948 1102 1099 1041 1207 1074 992 909 802 963 983 815 1029 1054 
774 707 927 1009 762 801 800 833 671 790 773 917 822 902 811 815 765 629 897 652 873 613 661 661 871 781 727 824 935 834 907 811 705 721 652 714 734 554 839 731 
803 731 845 912 731 779 756 896 619 854 646 879 894 874 842 849 800 785 702 735 805 615 657 610 813 715 745 787 819 778 950 788 654 722 658 678 722 516 754 856 
900 794 1063 1158 815 978 815 957 851 819 840 1020 980 916 855 1089 945 758 864 876 866 757 907 720 932 847 861 975 926 904 1058 927 772 831 900 755 778 582 865 1050 
634 604 815 714 666 670 814 820 588 728 659 784 806 638 651 725 565 598 825 646 755 601 690 663 812 792 708 764 749 825 897 811 634 564 664 685 710 586 657 784 
843 699 882 896 729 782 870 859 709 792 666 807 874 818 732 827 721 651 904 810 801 679 771 701 882 850 772 869 865 940 956 814 662 748 714 699 775 540 765 893 
794 754 903 1025 757 953 861 899 787 813 743 977 955 907 867 1006 848 809 873 777 866 779 773 775 866 798 829 850 844 912 1045 827 731 824 794 738 804 645 841 977 
806 703 902 860 739 905 795 798 664 708 733 875 892 912 848 845 773 700 823 705 802 659 593 676 871 793 768 805 849 857 987 784 706 733 663 655 744 567 791 937 
841 723 840 936 627 921 848 877 758 756 715 865 909 797 756 864 801 618 864 790 767 748 673 651 835 762 871 838 831 825 1002 832 720 691 735 732 773 588 823 786 
688 786 834 819 697 843 702 745 661 854 608 930 783 869 729 837 771 671 698 693 765 646 638 618 709 623 676 789 717 758 893 715 513 593 744 652 711 573 631 830 
805 878 989 1045 852 880 941 938 740 949 887 959 967 934 874 878 865 760 886 804 824 728 831 733 936 781 810 1004 945 919 1070 932 834 792 797 718 875 661 922 980 
703 709 867 873 728 700 791 830 671 788 776 954 786 903 788 820 733 685 853 642 867 632 626 655 897 737 745 821 878 780 941 785 713 690 726 705 767 578 802 825 
848 846 989 1118 831 986 792 903 772 935 755 972 954 909 922 959 894 700 891 779 853 732 811 640 885 767 756 895 927 804 1051 815 649 780 842 794 835 517 766 929 
692 688 875 984 737 791 896 803 728 885 773 888 843 887 718 792 813 682 849 787 814 725 763 703 865 768 730 933 922 904 932 755 773 675 726 774 682 523 778 952 
628 666 769 840 789 683 769 844 633 813 632 762 800 702 629 745 629 623 875 665 646 572 702 653 817 631 691 719 819 907 869 701 562 679 622 595 640 491 709 792 
861 687 962 942 766 900 902 960 720 784 748 1015 888 893 810 1000 852 760 789 865 811 769 722 720 867 806 874 851 808 760 1037 895 725 769 784 684 838 571 838 891 
864 693 822 903 843 845 840 781 624 745 686 880 925 907 765 868 709 596 928 852 652 676 630 592 826 712 773 868 831 933 1041 818 689 686 663 731 736 658 791 805 
761 562 883 822 613 825 733 780 723 786 717 888 784 857 686 872 741 618 734 714 716 685 696 563 783 761 749 775 778 837 943 827 639 703 689 580 712 551 761 909 
694 697 722 865 612 683 701 844 549 745 677 717 768 729 642 716 610 515 738 666 803 652 704 608 775 659 816 719 783 773 895 749 531 691 693 580 710 476 713 690 
850 736 939 1009 844 947 853 960 860 758 754 944 932 943 878 1028 801 728 995 803 850 700 761 687 1005 928 916 926 881 993 1065 901 719 855 857 726 791 733 877 1034 
753 713 826 878 790 772 881 930 698 723 715 826 874 773 727 900 791 642 881 728 818 643 743 680 936 810 784 857 784 856 880 846 670 718 721 721 686 600 831 905 

